gre_kmatch 1e3 3 0.2412389 0.3076699 1.512477 1.512477 163.6804 3 0 0.202 0 7.047703e-07 -0.5720245 0.1651874 0.1997282 0.06570681 0.08683895 0.1436807 
gre_pairmatch 1e3 3 0.1090336 0.1090336 0.8417742 0.8417742 29.00295 2 0 0.468 0 3.265668e-06 -0.1003689 0.04020655 0.06039625 0.04026247 0.06203426 0.05591752 
no_match 1e3 3 1.03058 1.089584 2.763625 2.763625 212734.8 1000 0 0 0 0 -1.260588 0.3298158 0.3584273 0.03322466 0.06178355 0.06408089 
opt_fullmatch 1e3 3 0.06647844 0.06176142 0.4544145 0.3113024 57.65903 4.310345 11.30886 0 0 4.234112e-06 -0.04890473 0.003563022 0.007611679 0.0006936629 0.006521841 0.003572217 
opt_kmatch 1e3 3 0.2538764 0.2806222 1.377966 1.377966 149.291 3 0 0.202 0 7.047703e-07 -0.5716856 0.1755416 0.1913706 0.06500223 0.09483124 0.1391676 
opt_pairmatch 1e3 3 0.09161448 0.09161448 0.588087 0.588087 24.36945 2 0 0.468 0 3.265668e-06 -0.08337356 0.04261479 0.05558186 0.03979552 0.05785571 0.05766319 
rep_pairmatch 1e3 3 0.04362135 0.04069875 0.2335224 0.1585231 10.82587 2.430108 0.728986 0.548 0 8.079387e-06 -0.0804853 0.0009927396 0.003328623 0.004050198 0.003776247 0.000379719 
scclust_EXO_ANY 1e3 3 0.0641645 0.06011086 0.4544145 0.3113024 58.21665 4.56621 11.40543 0 0 4.865305e-06 -0.06404107 0.003114044 0.005838844 0.002282474 0.003858926 0.001820836 
scclust_EXO_CAS 1e3 3 0.06269532 0.06162168 0.4226037 0.3113024 62.18384 4.56621 11.47849 0 0 4.674617e-06 -0.05774316 0.006182557 0.005232596 0.004089917 0.00371663 0.003089616 
scclust_EXO_CSE 1e3 3 0.06595619 0.06820738 0.3597939 0.3597939 67.63221 4.56621 10.20909 0 0 4.526963e-06 -0.07093493 0.01016093 0.006136654 0.003281501 0.001736841 0.003187001 
scclust_EXU_ANY 1e3 3 0.0641645 0.06011086 0.4544145 0.3113024 58.21665 4.56621 11.40543 0 0 4.865305e-06 -0.06404107 0.003114044 0.005838844 0.002282474 0.003858926 0.001820836 
scclust_EXU_CAS 1e3 3 0.06192948 0.06125327 0.4226037 0.3113024 62.61751 4.56621 11.87119 0 0 4.525601e-06 -0.03098504 0.004939198 0.005199254 0.002275325 0.001526393 0.001928945 
scclust_EXU_CSE 1e3 3 0.06490932 0.06680366 0.3597939 0.3597939 68.3621 4.56621 11.18626 0 0 4.602937e-06 -0.04158714 0.007421285 0.004823897 0.0002105435 -0.0003015661 0.001244673 
scclust_INO_ANY 1e3 3 0.0641645 0.06011086 0.4544145 0.3113024 58.21665 4.56621 11.40543 0 0 4.865305e-06 -0.06404107 0.003114044 0.005838844 0.002282474 0.003858926 0.001820836 
scclust_INO_CAS 1e3 3 0.06389082 0.06255988 0.4226037 0.3113024 62.33283 4.56621 11.0584 0 0 4.748527e-06 -0.0791054 0.005640304 0.006421233 0.004523673 0.004761696 0.003102847 
scclust_INO_CSE 1e3 3 0.06832441 0.07084923 0.3597939 0.3597939 69.42761 4.56621 10.60178 0 0 5.103903e-06 -0.0801414 0.009449912 0.007288593 0.00552141 0.004130566 0.00355798 
scclust_IU1_ANY 1e3 3 0.0641645 0.06011086 0.4544145 0.3113024 58.21665 4.56621 11.40543 0 0 4.865305e-06 -0.06404107 0.003114044 0.005838844 0.002282474 0.003858926 0.001820836 
scclust_IU1_CAS 1e3 3 0.06389082 0.06255988 0.4226037 0.3113024 62.33283 4.56621 11.0584 0 0 4.748527e-06 -0.0791054 0.005640304 0.006421233 0.004523673 0.004761696 0.003102847 
scclust_IU1_CSE 1e3 3 0.06821085 0.07070722 0.3597939 0.3597939 69.37996 4.56621 10.60178 0 0 5.103903e-06 -0.07852488 0.009355604 0.007368097 0.005499563 0.004200742 0.003525567 
scclust_IU2_ANY 1e3 3 0.0641645 0.06011086 0.4544145 0.3113024 58.21665 4.56621 11.40543 0 0 4.865305e-06 -0.06404107 0.003114044 0.005838844 0.002282474 0.003858926 0.001820836 
scclust_IU2_CAS 1e3 3 0.06389082 0.06255988 0.4226037 0.3113024 62.33283 4.56621 11.0584 0 0 4.748527e-06 -0.0791054 0.005640304 0.006421233 0.004523673 0.004761696 0.003102847 
scclust_IU2_CSE 1e3 3 0.06821085 0.07070722 0.3597939 0.3597939 69.37996 4.56621 10.60178 0 0 5.103903e-06 -0.07852488 0.009355604 0.007368097 0.005499563 0.004200742 0.003525567 
scclust_LEX_ANY 1e3 3 0.06468331 0.06062317 0.4544145 0.3113024 59.81738 4.694836 11.4327 0 0 4.850222e-06 -0.0708622 0.003315659 0.005992215 0.00222862 0.003695319 0.001987959 
scclust_LEX_CAS 1e3 3 0.0633052 0.06219151 0.4226037 0.3113024 63.8481 4.694836 11.5172 0 0 4.656302e-06 -0.06218574 0.005168236 0.005024396 0.002812173 0.003810367 0.003351241 
scclust_LEX_CSE 1e3 3 0.06587096 0.06784494 0.3597939 0.3597939 68.80122 4.694836 10.3341 0 0 4.592025e-06 -0.05148842 0.008558107 0.006882263 0.002836427 0.002248419 0.002874417 
