gre_kmatch 1e2 3 0.2405339 0.2269703 0.7864348 0.7864348 11.80245 3 0 0.22 0 7.726021e-05 -0.09293596 0.04461664 0.09858134 0.04049557 0.03806099 0.06745209 
gre_pairmatch 1e2 3 0.1592025 0.1592025 0.4337284 0.4337284 4.139265 2 0 0.48 0 0.0003371355 0.09762441 0.0367488 0.03227359 0.05598388 0.0267651 0.02367515 
no_match 1e2 3 1.086131 1.094079 2.49711 2.373922 2105.008 100 0 0 0 0 -0.6296886 0.249697 0.1599008 0.03822629 -0.0178675 0.02358141 
opt_fullmatch 1e2 3 0.2071945 0.1886533 0.6179859 0.5521696 14.6903 4 3.04 0 0 0.0001452276 0.06739436 0.05173469 0.04027874 0.03074089 -0.03229128 -0.01109822 
opt_kmatch 1e2 3 0.2114454 0.209954 0.6501355 0.637477 10.91761 3 0 0.22 0 7.726021e-05 -0.1119368 0.06497978 0.07696701 0.04225731 0.0238015 0.0725032 
opt_pairmatch 1e2 3 0.1386756 0.1386756 0.4713099 0.4713099 3.605566 2 0 0.48 0 0.0003371355 0.01332182 0.04846674 0.001507391 0.04478432 0.0009729023 0.02755348 
rep_pairmatch 1e2 3 0.1281223 0.118018 0.3429943 0.3429943 3.068469 2.238095 0.276644 0.53 0 0.0005770203 0.1198553 -0.014752 -0.006249796 0.009102887 -0.01102605 -0.003522135 
scclust_EXO_ANY 1e2 3 0.2056241 0.1869399 0.6526857 0.5521696 15.02658 4.166667 2.888889 0 0 0.0002158604 0.05854211 0.01373137 0.05017746 0.009247495 -0.05030855 -0.02096634 
scclust_EXO_CAS 1e2 3 0.2045992 0.1918712 0.7524717 0.7524717 15.60599 4.166667 2.888889 0 0 0.0002020575 -0.04761971 0.01908212 0.05579133 0.01283317 -0.05970575 -0.02716891 
scclust_EXO_CSE 1e2 3 0.2271753 0.2284871 0.7524717 0.7524717 17.54692 4.166667 2.305556 0 0 0.0001642185 -0.1487076 0.03926957 0.06996603 0.02720833 -0.02860259 -0.0227908 
scclust_EXU_ANY 1e2 3 0.2056241 0.1869399 0.6526857 0.5521696 15.02658 4.166667 2.888889 0 0 0.0002158604 0.05854211 0.01373137 0.05017746 0.009247495 -0.05030855 -0.02096634 
scclust_EXU_CAS 1e2 3 0.2050209 0.19338 0.7510036 0.7510036 16.07751 4.166667 2.888889 0 0 0.0001380882 -0.05181266 0.02554409 0.05019376 0.03047563 -0.04871161 -0.01555728 
scclust_EXU_CSE 1e2 3 0.2132037 0.205205 0.7831048 0.6205966 16.46543 4.166667 3.388889 0 0 0.0002197156 -0.02127182 0.04294175 0.04629989 0.0553309 -0.0449367 -0.006899798 
scclust_INO_ANY 1e2 3 0.2056241 0.1869399 0.6526857 0.5521696 15.02658 4.166667 2.888889 0 0 0.0002158604 0.05854211 0.01373137 0.05017746 0.009247495 -0.05030855 -0.02096634 
scclust_INO_CAS 1e2 3 0.2042565 0.1952459 0.7524717 0.7524717 15.85468 4.166667 2.638889 0 0 0.0002008675 -0.06009285 0.02177635 0.06523497 0.009023425 -0.05026594 -0.02465338 
scclust_INO_CSE 1e2 3 0.2257861 0.2341364 0.7524717 0.7524717 18.0985 4.166667 1.638889 0 0 0.0001455608 -0.1683326 0.02583232 0.1077847 0.02457863 -0.0299425 -0.01288789 
scclust_IU1_ANY 1e2 3 0.2056241 0.1869399 0.6526857 0.5521696 15.02658 4.166667 2.888889 0 0 0.0002158604 0.05854211 0.01373137 0.05017746 0.009247495 -0.05030855 -0.02096634 
scclust_IU1_CAS 1e2 3 0.2042565 0.1952459 0.7524717 0.7524717 15.85468 4.166667 2.638889 0 0 0.0002008675 -0.06009285 0.02177635 0.06523497 0.009023425 -0.05026594 -0.02465338 
scclust_IU1_CSE 1e2 3 0.2257861 0.2341364 0.7524717 0.7524717 18.0985 4.166667 1.638889 0 0 0.0001455608 -0.1683326 0.02583232 0.1077847 0.02457863 -0.0299425 -0.01288789 
scclust_IU2_ANY 1e2 3 0.2056241 0.1869399 0.6526857 0.5521696 15.02658 4.166667 2.888889 0 0 0.0002158604 0.05854211 0.01373137 0.05017746 0.009247495 -0.05030855 -0.02096634 
scclust_IU2_CAS 1e2 3 0.2042565 0.1952459 0.7524717 0.7524717 15.85468 4.166667 2.638889 0 0 0.0002008675 -0.06009285 0.02177635 0.06523497 0.009023425 -0.05026594 -0.02465338 
scclust_IU2_CSE 1e2 3 0.2257861 0.2341364 0.7524717 0.7524717 18.0985 4.166667 1.638889 0 0 0.0001455608 -0.1683326 0.02583232 0.1077847 0.02457863 -0.0299425 -0.01288789 
scclust_LEX_ANY 1e2 3 0.2101142 0.1882078 0.6526857 0.5521696 15.99491 4.347826 2.661626 0 0 0.0002103868 0.09693316 0.01306934 0.04396801 0.01627184 -0.05037314 -0.01469997 
scclust_LEX_CAS 1e2 3 0.2102772 0.1902014 0.9443734 0.9443734 16.74397 4.347826 2.748582 0 0 0.0002090541 -0.01817007 0.01579091 0.03801095 0.01796752 -0.05866032 -0.02451442 
scclust_LEX_CSE 1e2 3 0.2260716 0.2131864 0.9443734 0.9443734 17.98912 4.347826 2.139887 0 0 0.0002058651 0.0274366 0.02574813 0.03031016 0.02793149 -0.05348972 -0.0363915 
