gre_kmatch 1e3 4 0.1851845 0.2267088 1.274025 1.274025 107.0065 3 0 0.292 0 1.059874e-06 -0.4092662 0.1327679 0.1291273 0.1103483 0.09394184 0.1059339 
gre_pairmatch 1e3 4 0.09208176 0.09208176 0.6340918 0.6340918 21.73129 2 0 0.528 0 3.832968e-06 -0.1825948 0.04040857 0.03275865 0.04667811 0.03644762 0.0459615 
no_match 1e3 4 1.032286 1.099065 2.735778 2.66676 198165.7 1000 0 0 0 0 -1.199497 0.3381391 0.2835859 0.1043676 0.06606914 0.06557603 
opt_fullmatch 1e3 4 0.07288906 0.06755841 0.398438 0.3165449 65.7905 4.784689 14.83881 0 0 5.068429e-06 -0.1707031 0.008536835 0.006300487 0.00871039 0.005078895 0.001798083 
opt_kmatch 1e3 4 0.1833482 0.2047017 1.27749 1.27749 96.61921 3 0 0.292 0 1.059874e-06 -0.4047198 0.134446 0.1253387 0.1080106 0.09014241 0.1095086 
opt_pairmatch 1e3 4 0.0807102 0.0807102 0.5640973 0.5640973 19.04761 2 0 0.528 0 3.832968e-06 -0.1657339 0.04045403 0.03227964 0.0492017 0.04002204 0.04249935 
rep_pairmatch 1e3 4 0.04742761 0.04428556 0.1940312 0.1111472 10.45139 2.413174 1.092761 0.597 0 1.041319e-05 -0.1660663 0.00284573 0.002671564 0.005530516 -0.000999022 0.002313068 
scclust_EXO_ANY 1e3 4 0.07245217 0.06609639 0.398438 0.3165449 66.38045 5.102041 15.08142 0 0 6.377273e-06 -0.1381648 0.006432218 0.003677652 0.004020928 -0.0004361698 0.001885858 
scclust_EXO_CAS 1e3 4 0.07128624 0.07146928 0.4073216 0.3779529 72.87588 5.102041 12.5304 0 0 5.068249e-06 -0.1928788 0.007208125 0.01019437 0.003819476 0.001583501 0.005461636 
scclust_EXO_CSE 1e3 4 0.07327204 0.07882658 0.3779529 0.3779529 79.45959 5.102041 11.94877 0 0 5.027467e-06 -0.206506 0.006084735 0.01197608 0.0007299992 0.001704716 0.004476578 
scclust_EXU_ANY 1e3 4 0.07251829 0.06617481 0.398438 0.3165449 66.38027 5.102041 15.10183 0 0 6.387065e-06 -0.1380832 0.006244407 0.00338302 0.004138966 -0.0009403361 0.001815826 
scclust_EXU_CAS 1e3 4 0.07067398 0.0705883 0.4073216 0.3779529 72.77503 5.102041 13.07122 0 0 5.324869e-06 -0.1621769 0.007003091 0.007094676 0.004425248 0.0003018502 0.003051475 
scclust_EXU_CSE 1e3 4 0.07224794 0.07745752 0.3779529 0.3779529 78.757 5.102041 12.0304 0 0 5.166718e-06 -0.1664089 0.006840168 0.007055558 0.001631217 0.0009943101 0.0006529359 
scclust_INO_ANY 1e3 4 0.07245217 0.06609639 0.398438 0.3165449 66.38045 5.102041 15.08142 0 0 6.377273e-06 -0.1381648 0.006432218 0.003677652 0.004020928 -0.0004361698 0.001885858 
scclust_INO_CAS 1e3 4 0.07103392 0.07099561 0.4073216 0.3779529 72.61089 5.102041 12.58142 0 0 5.016803e-06 -0.1677782 0.006483888 0.006823721 0.005118267 0.001276178 0.003344992 
scclust_INO_CSE 1e3 4 0.0739058 0.08067208 0.3779529 0.3779529 82.41378 5.102041 11.82632 0 0 5.034049e-06 -0.1955274 0.005529873 0.009113262 0.002681636 0.003875423 0.00445938 
scclust_IU1_ANY 1e3 4 0.07251829 0.06617481 0.398438 0.3165449 66.38027 5.102041 15.10183 0 0 6.387065e-06 -0.1380832 0.006244407 0.00338302 0.004138966 -0.0009403361 0.001815826 
scclust_IU1_CAS 1e3 4 0.0714749 0.0711516 0.4073216 0.3779529 72.60532 5.102041 12.61204 0 0 5.034429e-06 -0.166248 0.006255692 0.006015748 0.005592627 0.0003211276 0.002986727 
scclust_IU1_CSE 1e3 4 0.07387841 0.08093893 0.3779529 0.3779529 82.63377 5.102041 11.7753 0 0 4.852841e-06 -0.1816722 0.006847369 0.007927625 0.005007299 0.003160149 0.004611632 
scclust_IU2_ANY 1e3 4 0.07251829 0.06617481 0.398438 0.3165449 66.38027 5.102041 15.10183 0 0 6.387065e-06 -0.1380832 0.006244407 0.00338302 0.004138966 -0.0009403361 0.001815826 
scclust_IU2_CAS 1e3 4 0.0714749 0.0711516 0.4073216 0.3779529 72.60532 5.102041 12.61204 0 0 5.034429e-06 -0.166248 0.006255692 0.006015748 0.005592627 0.0003211276 0.002986727 
scclust_IU2_CSE 1e3 4 0.07387841 0.08093893 0.3779529 0.3779529 82.63377 5.102041 11.7753 0 0 4.852841e-06 -0.1816722 0.006847369 0.007927625 0.005007299 0.003160149 0.004611632 
scclust_LEX_ANY 1e3 4 0.07301245 0.06676675 0.398438 0.3165449 68.03189 5.263158 15.02548 0 0 6.286012e-06 -0.1339647 0.006727158 0.003692526 0.005066667 -0.0008139954 0.002552282 
scclust_LEX_CAS 1e3 4 0.07143274 0.07110044 0.4073216 0.3779529 73.78029 5.263158 12.62548 0 0 5.127551e-06 -0.1789315 0.006352114 0.008441937 0.004171123 0.00106964 0.00678343 
scclust_LEX_CSE 1e3 4 0.07331752 0.07726856 0.3779529 0.3779529 79.77634 5.263158 11.87812 0 0 5.023233e-06 -0.2149964 0.005318717 0.00905298 0.003165472 -0.0001436379 0.005036089 
