gre_kmatch 1e2 1 0.2013743 0.1975975 0.7349632 0.5795996 8.299094 3 0 0.37 0 0.0001411556 0.06076057 0.006015009 0.08861483 0.02099588 0.03860332 0.02021116 
gre_pairmatch 1e2 1 0.1211252 0.1211252 0.3347468 0.3347468 2.543628 2 0 0.58 0 0.000442542 0.04756252 0.01610535 0.0317114 0.001653343 0.0006788959 0.02836574 
no_match 1e2 1 1.04332 1.066942 2.505624 2.496598 1770.057 100 0 0 0 0 -0.8332234 0.3024436 0.2062025 -0.03156016 0.03532606 -0.07231822 
opt_fullmatch 1e2 1 0.2192147 0.2052726 0.8874753 0.6638251 20.03641 4.761905 14.84807 0 0 0.0001509767 -0.02693785 0.02604041 0.03528929 0.006149787 0.01954071 -0.02251869 
opt_kmatch 1e2 1 0.1938566 0.1771659 0.5347518 0.423411 7.440969 3 0 0.37 0 0.0001411556 0.06722739 0.04076797 0.07414768 0.004500883 0.02814891 0.0383486 
opt_pairmatch 1e2 1 0.1207723 0.1207723 0.3347468 0.3347468 2.536218 2 0 0.58 0 0.000442542 0.01258074 0.026126 0.02743056 0.005382823 -0.00338219 0.03232224 
rep_pairmatch 1e2 1 0.1034788 0.1007721 0.2914792 0.2914792 2.116214 2.235294 0.1799308 0.62 0 0.0006721697 0.04922353 -0.002306306 -0.009491484 0.01958361 -0.01222197 -0.006988225 
scclust_EXO_ANY 1e2 1 0.2102347 0.1924811 0.8874753 0.6638251 20.04982 4.761905 15.03855 0 0 0.0001629365 0.009668477 0.02282869 0.05620684 0.003724291 0.01228931 -0.009487044 
scclust_EXO_CAS 1e2 1 0.2042546 0.2067895 0.8874753 0.6638251 21.46948 4.761905 12.37188 0 0 0.0001311493 -0.08467918 0.02629723 0.05939397 0.0004676953 0.005399057 -0.00970775 
scclust_EXO_CSE 1e2 1 0.1904232 0.2029602 0.8911909 0.7597027 21.90707 4.761905 14.27664 0 0 0.0001373285 -0.0496587 0.02731384 0.05124266 -0.01849739 -0.006130631 0.01803799 
scclust_EXU_ANY 1e2 1 0.2102347 0.1924811 0.8874753 0.6638251 20.04982 4.761905 15.03855 0 0 0.0001629365 0.009668477 0.02282869 0.05620684 0.003724291 0.01228931 -0.009487044 
scclust_EXU_CAS 1e2 1 0.2154197 0.2124932 0.8874753 0.7833695 20.99302 4.761905 11.89569 0 0 0.0001282391 -0.1053969 0.02480835 0.06451179 2.870266e-05 -0.00333332 -0.02197628 
scclust_EXU_CSE 1e2 1 0.2064134 0.2201879 0.8657362 0.8605862 22.13443 4.761905 11.89569 0 0 0.0001343557 -0.1163025 0.03005165 0.07430886 -0.02129292 -0.02108147 -0.01150276 
scclust_INO_ANY 1e2 1 0.2102347 0.1924811 0.8874753 0.6638251 20.04982 4.761905 15.03855 0 0 0.0001629365 0.009668477 0.02282869 0.05620684 0.003724291 0.01228931 -0.009487044 
scclust_INO_CAS 1e2 1 0.2182268 0.2171048 0.8874753 0.7833695 21.80764 4.761905 10.84807 0 0 0.0001278404 -0.1511743 0.03542568 0.06816183 -0.0121756 -0.003348823 -0.01860818 
scclust_INO_CSE 1e2 1 0.2065564 0.2238315 0.8657362 0.8605862 22.96577 4.761905 10.94331 0 0 0.0001320434 -0.1548122 0.03684013 0.0860455 -0.02834475 -0.02213446 -0.00568366 
scclust_IU1_ANY 1e2 1 0.2102347 0.1924811 0.8874753 0.6638251 20.04982 4.761905 15.03855 0 0 0.0001629365 0.009668477 0.02282869 0.05620684 0.003724291 0.01228931 -0.009487044 
scclust_IU1_CAS 1e2 1 0.2182268 0.2171048 0.8874753 0.7833695 21.80764 4.761905 10.84807 0 0 0.0001278404 -0.1511743 0.03542568 0.06816183 -0.0121756 -0.003348823 -0.01860818 
scclust_IU1_CSE 1e2 1 0.2065564 0.2238315 0.8657362 0.8605862 22.96577 4.761905 10.94331 0 0 0.0001320434 -0.1548122 0.03684013 0.0860455 -0.02834475 -0.02213446 -0.00568366 
scclust_IU2_ANY 1e2 1 0.2102347 0.1924811 0.8874753 0.6638251 20.04982 4.761905 15.03855 0 0 0.0001629365 0.009668477 0.02282869 0.05620684 0.003724291 0.01228931 -0.009487044 
scclust_IU2_CAS 1e2 1 0.2182268 0.2171048 0.8874753 0.7833695 21.80764 4.761905 10.84807 0 0 0.0001278404 -0.1511743 0.03542568 0.06816183 -0.0121756 -0.003348823 -0.01860818 
scclust_IU2_CSE 1e2 1 0.2065564 0.2238315 0.8657362 0.8605862 22.96577 4.761905 10.94331 0 0 0.0001320434 -0.1548122 0.03684013 0.0860455 -0.02834475 -0.02213446 -0.00568366 
scclust_LEX_ANY 1e2 1 0.2176946 0.1977825 0.8874753 0.6638251 20.98197 5 15.2 0 0 0.0001581526 0.006942855 0.02170956 0.06136677 0.003878609 0.01935263 -0.0106161 
scclust_LEX_CAS 1e2 1 0.2047394 0.1986207 0.8874753 0.6638251 21.51737 5 12.7 0 0 0.0002014728 -0.1372171 0.03091788 0.03683921 0.001783454 -0.02118144 -0.004884955 
scclust_LEX_CSE 1e2 1 0.1927666 0.1963587 0.8911909 0.7597027 21.84577 5 15.1 0 0 0.0002063763 -0.09939352 0.02936055 0.02882468 -0.01625874 -0.0329298 0.02098154 
