gre_kmatch 1e2 2 0.3534031 0.4029617 1.393556 1.393556 23.37178 3 0 0.13 0 4.446299e-05 -0.513726 0.2491354 0.1919587 0.1302408 0.1682059 0.1160513 
gre_pairmatch 1e2 2 0.2405127 0.2405127 0.9409279 0.9409279 6.974868 2 0 0.42 0 0.0002872993 -0.05221848 0.1297187 0.09612224 0.09245314 0.1284981 0.07684275 
no_match 1e2 2 1.052064 1.120408 2.461903 2.450888 2306.92 100 0 0 0 0 -0.9767554 0.3357403 0.3038785 0.09639493 0.1420477 0.05824203 
opt_fullmatch 1e2 2 0.2376924 0.2176889 0.9661933 0.6417728 17.13274 3.846154 5.591716 0 0 0.0003401597 -0.02573332 0.08605525 0.05262982 0.04859841 0.09721453 0.03979355 
opt_kmatch 1e2 2 0.3105678 0.3604442 1.166591 1.166591 20.90576 3 0 0.13 0 4.446299e-05 -0.5076775 0.230571 0.2082315 0.1260611 0.1569568 0.123309 
opt_pairmatch 1e2 2 0.2209969 0.2209969 0.6749048 0.6749048 6.40891 2 0 0.42 0 0.0002872993 -0.07534514 0.1342888 0.06220543 0.09788609 0.1099649 0.09881322 
rep_pairmatch 1e2 2 0.1701631 0.1534191 0.4640642 0.3779043 4.449153 2.526316 0.9861496 0.52 0 0.0008567086 0.08262249 0.06104729 0.04328695 0.02557351 0.07535817 0.04768206 
scclust_EXO_ANY 1e2 2 0.2305897 0.2089393 0.9661933 0.6417728 17.67239 4.545455 5.793388 0 0 0.0005025889 -0.06950868 0.08581622 0.05812974 0.02916253 0.09333911 0.04764008 
scclust_EXO_CAS 1e2 2 0.2169976 0.2145377 0.8728253 0.6817857 19.50365 4.545455 7.520661 0 0 0.0004946744 -0.06471112 0.07743782 0.06050841 0.03283244 0.09106114 0.05110042 
scclust_EXO_CSE 1e2 2 0.2259652 0.2377464 0.6817857 0.6817857 21.71098 4.545455 5.066116 0 0 0.0004086444 -0.07610746 0.07000555 0.09046067 0.05202211 0.09701645 0.03208881 
scclust_EXU_ANY 1e2 2 0.2305897 0.2089393 0.9661933 0.6417728 17.67239 4.545455 5.793388 0 0 0.0005025889 -0.06950868 0.08581622 0.05812974 0.02916253 0.09333911 0.04764008 
scclust_EXU_CAS 1e2 2 0.2193962 0.2123308 0.8728253 0.6817857 19.27246 4.545455 7.520661 0 0 0.0004988613 -0.06256574 0.07160845 0.05697197 0.02873818 0.0959168 0.05371628 
scclust_EXU_CSE 1e2 2 0.2276294 0.231141 0.6817857 0.6817857 21.41825 4.545455 5.520661 0 0 0.000444372 -0.01705412 0.05567518 0.08178616 0.05054878 0.1155069 0.02417299 
scclust_INO_ANY 1e2 2 0.2305897 0.2089393 0.9661933 0.6417728 17.67239 4.545455 5.793388 0 0 0.0005025889 -0.06950868 0.08581622 0.05812974 0.02916253 0.09333911 0.04764008 
scclust_INO_CAS 1e2 2 0.2264227 0.2233623 0.8728253 0.6817857 19.92487 4.545455 6.702479 0 0 0.0004496427 -0.1009953 0.07938889 0.07415321 0.04155521 0.08802078 0.05306377 
scclust_INO_CSE 1e2 2 0.2439656 0.2521929 0.6817857 0.6817857 22.99436 4.545455 5.247934 0 0 0.0003373021 -0.09858516 0.07512984 0.09536422 0.06280487 0.09794156 0.03776433 
scclust_IU1_ANY 1e2 2 0.2305897 0.2089393 0.9661933 0.6417728 17.67239 4.545455 5.793388 0 0 0.0005025889 -0.06950868 0.08581622 0.05812974 0.02916253 0.09333911 0.04764008 
scclust_IU1_CAS 1e2 2 0.2264227 0.2233623 0.8728253 0.6817857 19.92487 4.545455 6.702479 0 0 0.0004496427 -0.1009953 0.07938889 0.07415321 0.04155521 0.08802078 0.05306377 
scclust_IU1_CSE 1e2 2 0.2439656 0.2521929 0.6817857 0.6817857 22.99436 4.545455 5.247934 0 0 0.0003373021 -0.09858516 0.07512984 0.09536422 0.06280487 0.09794156 0.03776433 
scclust_IU2_ANY 1e2 2 0.2305897 0.2089393 0.9661933 0.6417728 17.67239 4.545455 5.793388 0 0 0.0005025889 -0.06950868 0.08581622 0.05812974 0.02916253 0.09333911 0.04764008 
scclust_IU2_CAS 1e2 2 0.2264227 0.2233623 0.8728253 0.6817857 19.92487 4.545455 6.702479 0 0 0.0004496427 -0.1009953 0.07938889 0.07415321 0.04155521 0.08802078 0.05306377 
scclust_IU2_CSE 1e2 2 0.2439656 0.2521929 0.6817857 0.6817857 22.99436 4.545455 5.247934 0 0 0.0003373021 -0.09858516 0.07512984 0.09536422 0.06280487 0.09794156 0.03776433 
scclust_LEX_ANY 1e2 2 0.2305897 0.2089393 0.9661933 0.6417728 17.67239 4.545455 5.793388 0 0 0.0005025889 -0.06950868 0.08581622 0.05812974 0.02916253 0.09333911 0.04764008 
scclust_LEX_CAS 1e2 2 0.2176685 0.2139772 0.7382569 0.6817857 19.32243 4.545455 6.793388 0 0 0.0004920355 -0.1026566 0.07773258 0.06494132 0.03339136 0.08506917 0.04971328 
scclust_LEX_CSE 1e2 2 0.2226042 0.2349214 0.7382569 0.6817857 21.43624 4.545455 6.066116 0 0 0.0004084722 -0.07751394 0.06879811 0.08553912 0.05528782 0.1015305 0.03496938 
