gre_kmatch 1e3 2 0.2413332 0.305018 1.840515 1.840515 172.0301 3 0 0.154 0 5.296546e-07 -0.5572698 0.1714396 0.1819314 0.0758415 0.05542205 0.08500775 
gre_pairmatch 1e3 2 0.09354904 0.09354904 1.059807 1.059807 26.38083 2 0 0.436 0 2.999083e-06 -0.02098028 0.03358948 0.02363071 0.03739261 0.01230659 0.03211631 
no_match 1e3 2 1.044277 1.096526 2.698488 2.698488 222020.1 1000 0 0 0 0 -1.1064 0.2891856 0.3184212 0.0599492 0.02268101 0.004509943 
opt_fullmatch 1e3 2 0.06416878 0.06094102 0.3709401 0.3625256 58.55888 4.016064 10.67444 0 0 3.181685e-06 0.01902494 0.004378176 0.006839362 0.0007203235 0.0009088759 0.001265947 
opt_kmatch 1e3 2 0.2344011 0.2650852 1.439761 1.439761 149.5081 3 0 0.154 0 5.296546e-07 -0.5463219 0.166978 0.1867708 0.0799088 0.05278842 0.08400409 
opt_pairmatch 1e3 2 0.0745562 0.0745562 0.4207463 0.4207463 21.02485 2 0 0.436 0 2.999083e-06 -0.05674302 0.03188429 0.03137029 0.03391937 0.01826625 0.03195313 
rep_pairmatch 1e3 2 0.04247961 0.03977146 0.1429368 0.1237164 11.21555 2.446154 0.7188955 0.523 0 7.657721e-06 0.04851598 0.001862666 -6.356348e-06 0.001625358 -0.0004999604 0.0003488168 
scclust_EXO_ANY 1e3 2 0.06230048 0.05853689 0.3709401 0.3625256 59.22621 4.255319 10.94758 0 0 4.040413e-06 0.07054767 0.003054662 0.003481141 -0.001405243 0.0009212676 -0.001246705 
scclust_EXO_CAS 1e3 2 0.06183156 0.06136213 0.4034046 0.3705247 63.23108 4.255319 12.87949 0 0 3.72334e-06 0.07469766 0.001837249 0.003339307 -0.001343802 -0.0006960904 -0.002304363 
scclust_EXO_CSE 1e3 2 0.06573349 0.06762304 0.4119662 0.3705247 69.18429 4.255319 10.74332 0 0 3.431413e-06 0.06978258 0.002926628 0.006485129 -0.00302638 -0.0004939452 -0.002483724 
scclust_EXU_ANY 1e3 2 0.06230048 0.05853689 0.3709401 0.3625256 59.22621 4.255319 10.94758 0 0 4.040413e-06 0.07054767 0.003054662 0.003481141 -0.001405243 0.0009212676 -0.001246705 
scclust_EXU_CAS 1e3 2 0.06132776 0.06168234 0.392783 0.3705247 63.56504 4.255319 11.17737 0 0 3.808251e-06 0.0916189 0.001682429 0.004617861 0.0004374508 0.00233471 -0.001841152 
scclust_EXU_CSE 1e3 2 0.064704 0.06692254 0.4119662 0.3705247 69.19887 4.255319 10.06247 0 0 3.625379e-06 0.08374672 0.001575016 0.00604861 -0.001307685 -0.001063951 -0.001500863 
scclust_INO_ANY 1e3 2 0.06228894 0.05853169 0.3709401 0.3625256 59.23171 4.255319 10.94758 0 0 4.040413e-06 0.07219782 0.003150808 0.003439451 -0.001507654 0.0008569772 -0.001150368 
scclust_INO_CAS 1e3 2 0.06129782 0.06103453 0.3883069 0.3625256 62.82967 4.255319 11.50928 0 0 3.803831e-06 0.0744801 0.003103912 0.002993974 0.0002481962 0.00197381 -0.002174933 
scclust_INO_CSE 1e3 2 0.06605318 0.06883883 0.4119662 0.3625256 69.97645 4.255319 9.90077 0 0 3.520046e-06 0.06959529 0.006853364 0.006992348 0.0003276858 0.001223731 -0.0009985266 
scclust_IU1_ANY 1e3 2 0.06230048 0.05853689 0.3709401 0.3625256 59.22621 4.255319 10.94758 0 0 4.040413e-06 0.07054767 0.003054662 0.003481141 -0.001405243 0.0009212676 -0.001246705 
scclust_IU1_CAS 1e3 2 0.06147989 0.06117004 0.3883069 0.3625256 62.85296 4.255319 11.51779 0 0 3.809669e-06 0.07256827 0.002842435 0.002907988 0.0001256147 0.002071509 -0.002337361 
scclust_IU1_CSE 1e3 2 0.06598878 0.06874877 0.4119662 0.3625256 69.85251 4.255319 9.943323 0 0 3.495235e-06 0.07288549 0.006436363 0.006971534 0.0002042141 0.001658262 -0.001293499 
scclust_IU2_ANY 1e3 2 0.06230048 0.05853689 0.3709401 0.3625256 59.22621 4.255319 10.94758 0 0 4.040413e-06 0.07054767 0.003054662 0.003481141 -0.001405243 0.0009212676 -0.001246705 
scclust_IU2_CAS 1e3 2 0.06147989 0.06117004 0.3883069 0.3625256 62.85296 4.255319 11.51779 0 0 3.809669e-06 0.07256827 0.002842435 0.002907988 0.0001256147 0.002071509 -0.002337361 
scclust_IU2_CSE 1e3 2 0.06598878 0.06874877 0.4119662 0.3625256 69.85251 4.255319 9.943323 0 0 3.495235e-06 0.07288549 0.006436363 0.006971534 0.0002042141 0.001658262 -0.001293499 
scclust_LEX_ANY 1e3 2 0.06301875 0.05959664 0.3709401 0.3625256 62.12354 4.484305 11.08383 0 0 3.897288e-06 0.07035309 0.003271051 0.003236004 -0.001408443 0.0006892501 -0.00175331 
scclust_LEX_CAS 1e3 2 0.06204214 0.06124698 0.4034046 0.3705247 65.54746 4.484305 13.18249 0 0 3.905177e-06 0.07307052 0.003604011 0.004067429 0.002989206 0.0003859908 -0.002236278 
scclust_LEX_CSE 1e3 2 0.06636654 0.06752942 0.4119662 0.3705247 70.85125 4.484305 10.93137 0 0 3.617947e-06 0.0657873 0.002743544 0.007688743 -0.001403729 -0.000244727 -0.002166892 
