gre_kmatch 1e3 1 0.2260723 0.2836871 1.531385 1.531385 154.8932 3 0 0.181 0 6.27216e-07 -0.4076994 0.1738327 0.1470723 0.09580207 0.07186365 0.09939306 
gre_pairmatch 1e3 1 0.09552435 0.09552435 0.6952814 0.6952814 26.07815 2 0 0.454 0 3.146476e-06 -0.03082555 0.04472344 0.01101648 0.05337657 0.001456419 0.03421223 
no_match 1e3 1 1.057087 1.111899 2.706953 2.706953 220679.8 1000 0 0 0 0 -1.00741 0.3068439 0.3015771 0.07130045 0.05062021 0.02742159 
opt_fullmatch 1e3 1 0.06701053 0.06286782 0.334891 0.1992244 54.36238 4.149378 9.911296 0 0 3.794338e-06 0.05317822 0.006194531 0.00443096 0.002009876 -0.000328819 0.004277052 
opt_kmatch 1e3 1 0.2201301 0.2481812 1.461563 1.461563 135.5069 3 0 0.181 0 6.27216e-07 -0.3977871 0.1581914 0.1618701 0.09882294 0.06367619 0.1015624 
opt_pairmatch 1e3 1 0.07962485 0.07962485 0.5884016 0.5884016 21.73759 2 0 0.454 0 3.146476e-06 -0.04469158 0.0409914 0.01493491 0.05064232 0.00362455 0.03482383 
rep_pairmatch 1e3 1 0.04365821 0.04148461 0.1857577 0.1559516 11.3253 2.421875 0.8480632 0.535 0 8.277276e-06 0.01850661 0.002314442 0.0007351078 0.003660275 0.0006857989 -0.0005197718 
scclust_EXO_ANY 1e3 1 0.06451158 0.06003115 0.334891 0.1992244 55.29099 4.56621 9.944246 0 0 5.091678e-06 0.05056433 0.004210407 0.001471121 0.001861485 0.001701793 -0.002319262 
scclust_EXO_CAS 1e3 1 0.06281171 0.06309371 0.3280773 0.2593037 60.21157 4.56621 9.158858 0 0 4.598247e-06 0.01413711 0.002533906 0.004765522 -0.001529224 0.002392546 -0.001793307 
scclust_EXO_CSE 1e3 1 0.06405081 0.06872494 0.3267003 0.26509 65.41306 4.56621 8.948813 0 0 4.585766e-06 0.01518408 0.002283007 0.003903402 -0.004790542 0.001455412 -0.00360515 
scclust_EXU_ANY 1e3 1 0.06451158 0.06003115 0.334891 0.1992244 55.29099 4.56621 9.944246 0 0 5.091678e-06 0.05056433 0.004210407 0.001471121 0.001861485 0.001701793 -0.002319262 
scclust_EXU_CAS 1e3 1 0.06280528 0.06282554 0.3942273 0.2657087 60.33376 4.56621 9.533287 0 0 4.538485e-06 0.07740358 0.001652761 0.002610849 -0.00343424 0.0004667385 -0.001483792 
scclust_EXU_CSE 1e3 1 0.06428884 0.06805111 0.3518808 0.2754622 64.5988 4.56621 9.177123 0 0 4.432735e-06 0.06960449 -4.650342e-05 -0.0007247941 -0.0008417824 -0.001447551 -0.005062779 
scclust_INO_ANY 1e3 1 0.06451158 0.06003115 0.334891 0.1992244 55.29099 4.56621 9.944246 0 0 5.091678e-06 0.05056433 0.004210407 0.001471121 0.001861485 0.001701793 -0.002319262 
scclust_INO_CAS 1e3 1 0.06390667 0.06334856 0.3280773 0.2593037 59.62325 4.56621 8.948813 0 0 4.83637e-06 0.07171503 0.005014305 0.001759474 -0.001573997 0.0003604323 -0.003947206 
scclust_INO_CSE 1e3 1 0.06736534 0.07249705 0.2861848 0.2754622 66.7679 4.56621 8.492192 0 0 4.508751e-06 0.09961775 0.00496027 0.002767114 -0.003235725 -0.001394581 -0.006345447 
scclust_IU1_ANY 1e3 1 0.06451158 0.06003115 0.334891 0.1992244 55.29099 4.56621 9.944246 0 0 5.091678e-06 0.05056433 0.004210407 0.001471121 0.001861485 0.001701793 -0.002319262 
scclust_IU1_CAS 1e3 1 0.06390667 0.06334856 0.3280773 0.2593037 59.62325 4.56621 8.948813 0 0 4.83637e-06 0.07171503 0.005014305 0.001759474 -0.001573997 0.0003604323 -0.003947206 
scclust_IU1_CSE 1e3 1 0.06759981 0.07242073 0.2861848 0.2754622 66.75446 4.56621 8.455662 0 0 4.464589e-06 0.1086156 0.0049586 0.004208711 -0.002789871 0.0007203173 -0.005779322 
scclust_IU2_ANY 1e3 1 0.06451158 0.06003115 0.334891 0.1992244 55.29099 4.56621 9.944246 0 0 5.091678e-06 0.05056433 0.004210407 0.001471121 0.001861485 0.001701793 -0.002319262 
scclust_IU2_CAS 1e3 1 0.06390667 0.06334856 0.3280773 0.2593037 59.62325 4.56621 8.948813 0 0 4.83637e-06 0.07171503 0.005014305 0.001759474 -0.001573997 0.0003604323 -0.003947206 
scclust_IU2_CSE 1e3 1 0.06759981 0.07242073 0.2861848 0.2754622 66.75446 4.56621 8.455662 0 0 4.464589e-06 0.1086156 0.0049586 0.004208711 -0.002789871 0.0007203173 -0.005779322 
scclust_LEX_ANY 1e3 1 0.06525083 0.06071181 0.334891 0.1992244 57.28489 4.694836 9.986687 0 0 5.022468e-06 0.05093458 0.004387225 0.001074649 0.00210233 0.001219884 -0.002625289 
scclust_LEX_CAS 1e3 1 0.06358897 0.06370983 0.3280773 0.2593037 62.49842 4.694836 9.395138 0 0 4.508265e-06 0.01887776 0.002128828 0.005540466 -0.001911166 0.003403215 -0.001564069 
scclust_LEX_CSE 1e3 1 0.06450267 0.06891691 0.3267003 0.26509 67.01364 4.694836 9.141617 0 0 4.73852e-06 -0.001892061 0.001854984 0.003384942 -0.004575388 0.001174499 -0.00382803 
