gre_kmatch 1e2 4 0.1877885 0.2130885 0.6882712 0.6882712 7.671186 3 0 0.46 0 0.0001900324 -0.4881512 0.059924 0.08373975 0.0709478 0.09181842 0.08473944 
gre_pairmatch 1e2 4 0.1506066 0.1506066 0.5004479 0.5004479 2.710919 2 0 0.64 0 0.0005287858 -0.1824829 0.06708469 0.01060043 0.08652479 0.02332371 0.05752508 
no_match 1e2 4 1.042334 1.094733 2.592284 2.592284 1615.826 100 0 0 0 0 -1.393263 0.4834871 0.2051073 0.08039655 0.08067462 0.07643547 
opt_fullmatch 1e2 4 0.2741231 0.2485149 1.168849 0.786849 22.22141 5.555556 27.1358 0 0 0.0001993302 -0.6987974 0.06048032 0.09778268 0.02268595 0.05152243 0.06106422 
opt_kmatch 1e2 4 0.1917361 0.1991211 0.6398874 0.6398874 7.16836 3 0 0.46 0 0.0001900324 -0.4532584 0.04021537 0.1004569 0.04777048 0.07886056 0.1022074 
opt_pairmatch 1e2 4 0.1469665 0.1469665 0.4782584 0.4782584 2.645398 2 0 0.64 0 0.0005287858 -0.3551355 0.06382749 0.02087746 0.07849184 0.05193144 0.06406151 
rep_pairmatch 1e2 4 0.134969 0.1416604 0.4508748 0.4508748 2.549888 2.2 0.16 0.67 0 0.0007546214 -0.2351798 0.06132857 0.01825755 0.08103826 0.03846515 0.05537773 
scclust_EXO_ANY 1e2 4 0.2342607 0.2277488 1.168849 0.786849 22.42846 5.882353 26.80969 0 0 0.0002535486 -0.5659701 0.08727314 0.06202533 0.05253552 0.03934635 0.05967074 
scclust_EXO_CAS 1e2 4 0.2494488 0.245565 1.206056 0.8928507 23.46046 5.882353 23.39792 0 0 0.000230666 -0.5868385 0.1094593 0.06431028 0.05142358 0.03975717 0.0789444 
scclust_EXO_CSE 1e2 4 0.261319 0.2619012 1.129363 0.8928507 24.42382 5.882353 21.16263 0 0 0.000224811 -0.575943 0.1399086 0.0528849 0.06809836 0.03245435 0.05883261 
scclust_EXU_ANY 1e2 4 0.2342607 0.2277488 1.168849 0.786849 22.42846 5.882353 26.80969 0 0 0.0002535486 -0.5659701 0.08727314 0.06202533 0.05253552 0.03934635 0.05967074 
scclust_EXU_CAS 1e2 4 0.2365696 0.2404773 1.206056 0.8928507 23.26265 5.882353 23.28028 0 0 0.0002119247 -0.639901 0.09576339 0.07705853 0.04801484 0.0393131 0.06575677 
scclust_EXU_CSE 1e2 4 0.253152 0.2685567 1.129363 0.8928507 24.66865 5.882353 20.10381 0 0 0.0001996136 -0.702715 0.1397146 0.08058435 0.06269218 0.02640516 0.05361882 
scclust_INO_ANY 1e2 4 0.2342607 0.2277488 1.168849 0.786849 22.42846 5.882353 26.80969 0 0 0.0002535486 -0.5659701 0.08727314 0.06202533 0.05253552 0.03934635 0.05967074 
scclust_INO_CAS 1e2 4 0.2503551 0.259578 1.129363 0.8928507 24.13949 5.882353 20.69204 0 0 0.0002022275 -0.6929398 0.121241 0.0786896 0.04822511 0.03121951 0.07248136 
scclust_INO_CSE 1e2 4 0.2455665 0.265595 1.129363 0.8928507 25.74795 5.882353 18.10381 0 0 0.0002196073 -0.6633998 0.1350597 0.07718978 0.04605557 0.01932828 0.06175577 
scclust_IU1_ANY 1e2 4 0.2342607 0.2277488 1.168849 0.786849 22.42846 5.882353 26.80969 0 0 0.0002535486 -0.5659701 0.08727314 0.06202533 0.05253552 0.03934635 0.05967074 
scclust_IU1_CAS 1e2 4 0.2503551 0.259578 1.129363 0.8928507 24.13949 5.882353 20.69204 0 0 0.0002022275 -0.6929398 0.121241 0.0786896 0.04822511 0.03121951 0.07248136 
scclust_IU1_CSE 1e2 4 0.2455665 0.265595 1.129363 0.8928507 25.74795 5.882353 18.10381 0 0 0.0002196073 -0.6633998 0.1350597 0.07718978 0.04605557 0.01932828 0.06175577 
scclust_IU2_ANY 1e2 4 0.2342607 0.2277488 1.168849 0.786849 22.42846 5.882353 26.80969 0 0 0.0002535486 -0.5659701 0.08727314 0.06202533 0.05253552 0.03934635 0.05967074 
scclust_IU2_CAS 1e2 4 0.2503551 0.259578 1.129363 0.8928507 24.13949 5.882353 20.69204 0 0 0.0002022275 -0.6929398 0.121241 0.0786896 0.04822511 0.03121951 0.07248136 
scclust_IU2_CSE 1e2 4 0.2455665 0.265595 1.129363 0.8928507 25.74795 5.882353 18.10381 0 0 0.0002196073 -0.6633998 0.1350597 0.07718978 0.04605557 0.01932828 0.06175577 
scclust_LEX_ANY 1e2 4 0.2342607 0.2277488 1.168849 0.786849 22.42846 5.882353 26.80969 0 0 0.0002535486 -0.5659701 0.08727314 0.06202533 0.05253552 0.03934635 0.05967074 
scclust_LEX_CAS 1e2 4 0.2494488 0.245565 1.206056 0.8928507 23.46046 5.882353 23.39792 0 0 0.000230666 -0.5868385 0.1094593 0.06431028 0.05142358 0.03975717 0.0789444 
scclust_LEX_CSE 1e2 4 0.261319 0.2619012 1.129363 0.8928507 24.42382 5.882353 21.16263 0 0 0.000224811 -0.575943 0.1399086 0.0528849 0.06809836 0.03245435 0.05883261 
