gre_kmatch 1e2 1 0.2013743 0.1975975 0.7349632 0.5795996 8.299094 3 0 0.37 0 0.0001411556 0.06076057 0.006015009 0.08861483 0.02099588 0.03860332 0.02021116 
gre_pairmatch 1e2 1 0.1211252 0.1211252 0.3347468 0.3347468 2.543628 2 0 0.58 0 0.000442542 0.04756252 0.01610535 0.0317114 0.001653343 0.0006788959 0.02836574 
no_match 1e2 1 1.04332 1.066942 2.505624 2.496598 1770.057 100 0 0 0 0 -0.8332234 0.3024436 0.2062025 -0.03156016 0.03532606 -0.07231822 
opt_fullmatch 1e2 1 0.2192147 0.2052726 0.8874753 0.6638251 20.03641 4.761905 14.84807 0 0 0.0001509767 -0.02693785 0.02604041 0.03528929 0.006149787 0.01954071 -0.02251869 
opt_kmatch 1e2 1 0.1938566 0.1771659 0.5347518 0.423411 7.440969 3 0 0.37 0 0.0001411556 0.06722739 0.04076797 0.07414768 0.004500883 0.02814891 0.0383486 
opt_pairmatch 1e2 1 0.1207723 0.1207723 0.3347468 0.3347468 2.536218 2 0 0.58 0 0.000442542 0.01258074 0.026126 0.02743056 0.005382823 -0.00338219 0.03232224 
rep_pairmatch 1e2 1 0.1034788 0.1007721 0.2914792 0.2914792 2.116214 2.235294 0.1799308 0.62 0 0.0006721697 0.04922353 -0.002306306 -0.009491484 0.01958361 -0.01222197 -0.006988225 
scclust_EXO_ANY 1e2 1 0.2102347 0.1924811 0.8874753 0.6638251 20.04982 4.761905 15.03855 0 0 0.0001629365 0.009668477 0.02282869 0.05620684 0.003724291 0.01228931 -0.009487044 
scclust_EXO_CAS 1e2 1 0.2042546 0.2067895 0.8874753 0.6638251 21.46948 4.761905 12.37188 0 0 0.0001311493 -0.08467918 0.02629723 0.05939397 0.0004676953 0.005399057 -0.00970775 
scclust_EXO_CSE 1e2 1 0.1904232 0.2029602 0.8911909 0.7597027 21.90707 4.761905 14.27664 0 0 0.0001373285 -0.0496587 0.02731384 0.05124266 -0.01849739 -0.006130631 0.01803799 
scclust_EXU_ANY 1e2 1 0.2102347 0.1924811 0.8874753 0.6638251 20.04982 4.761905 15.03855 0 0 0.0001629365 0.009668477 0.02282869 0.05620684 0.003724291 0.01228931 -0.009487044 
scclust_EXU_CAS 1e2 1 0.2154197 0.2124932 0.8874753 0.7833695 20.99302 4.761905 11.89569 0 0 0.0001282391 -0.1053969 0.02480835 0.06451179 2.870266e-05 -0.00333332 -0.02197628 
scclust_EXU_CSE 1e2 1 0.2064134 0.2201879 0.8657362 0.8605862 22.13443 4.761905 11.89569 0 0 0.0001343557 -0.1163025 0.03005165 0.07430886 -0.02129292 -0.02108147 -0.01150276 
scclust_INO_ANY 1e2 1 0.2102347 0.1924811 0.8874753 0.6638251 20.04982 4.761905 15.03855 0 0 0.0001629365 0.009668477 0.02282869 0.05620684 0.003724291 0.01228931 -0.009487044 
scclust_INO_CAS 1e2 1 0.2182268 0.2171048 0.8874753 0.7833695 21.80764 4.761905 10.84807 0 0 0.0001278404 -0.1511743 0.03542568 0.06816183 -0.0121756 -0.003348823 -0.01860818 
scclust_INO_CSE 1e2 1 0.2065564 0.2238315 0.8657362 0.8605862 22.96577 4.761905 10.94331 0 0 0.0001320434 -0.1548122 0.03684013 0.0860455 -0.02834475 -0.02213446 -0.00568366 
scclust_IU1_ANY 1e2 1 0.2102347 0.1924811 0.8874753 0.6638251 20.04982 4.761905 15.03855 0 0 0.0001629365 0.009668477 0.02282869 0.05620684 0.003724291 0.01228931 -0.009487044 
scclust_IU1_CAS 1e2 1 0.2182268 0.2171048 0.8874753 0.7833695 21.80764 4.761905 10.84807 0 0 0.0001278404 -0.1511743 0.03542568 0.06816183 -0.0121756 -0.003348823 -0.01860818 
scclust_IU1_CSE 1e2 1 0.2065564 0.2238315 0.8657362 0.8605862 22.96577 4.761905 10.94331 0 0 0.0001320434 -0.1548122 0.03684013 0.0860455 -0.02834475 -0.02213446 -0.00568366 
scclust_IU2_ANY 1e2 1 0.2102347 0.1924811 0.8874753 0.6638251 20.04982 4.761905 15.03855 0 0 0.0001629365 0.009668477 0.02282869 0.05620684 0.003724291 0.01228931 -0.009487044 
scclust_IU2_CAS 1e2 1 0.2182268 0.2171048 0.8874753 0.7833695 21.80764 4.761905 10.84807 0 0 0.0001278404 -0.1511743 0.03542568 0.06816183 -0.0121756 -0.003348823 -0.01860818 
scclust_IU2_CSE 1e2 1 0.2065564 0.2238315 0.8657362 0.8605862 22.96577 4.761905 10.94331 0 0 0.0001320434 -0.1548122 0.03684013 0.0860455 -0.02834475 -0.02213446 -0.00568366 
scclust_LEX_ANY 1e2 1 0.2176946 0.1977825 0.8874753 0.6638251 20.98197 5 15.2 0 0 0.0001581526 0.006942855 0.02170956 0.06136677 0.003878609 0.01935263 -0.0106161 
scclust_LEX_CAS 1e2 1 0.2047394 0.1986207 0.8874753 0.6638251 21.51737 5 12.7 0 0 0.0002014728 -0.1372171 0.03091788 0.03683921 0.001783454 -0.02118144 -0.004884955 
scclust_LEX_CSE 1e2 1 0.1927666 0.1963587 0.8911909 0.7597027 21.84577 5 15.1 0 0 0.0002063763 -0.09939352 0.02936055 0.02882468 -0.01625874 -0.0329298 0.02098154 
gre_kmatch 1e2 2 0.3534031 0.4029617 1.393556 1.393556 23.37178 3 0 0.13 0 4.446299e-05 -0.513726 0.2491354 0.1919587 0.1302408 0.1682059 0.1160513 
gre_pairmatch 1e2 2 0.2405127 0.2405127 0.9409279 0.9409279 6.974868 2 0 0.42 0 0.0002872993 -0.05221848 0.1297187 0.09612224 0.09245314 0.1284981 0.07684275 
no_match 1e2 2 1.052064 1.120408 2.461903 2.450888 2306.92 100 0 0 0 0 -0.9767554 0.3357403 0.3038785 0.09639493 0.1420477 0.05824203 
opt_fullmatch 1e2 2 0.2376924 0.2176889 0.9661933 0.6417728 17.13274 3.846154 5.591716 0 0 0.0003401597 -0.02573332 0.08605525 0.05262982 0.04859841 0.09721453 0.03979355 
opt_kmatch 1e2 2 0.3105678 0.3604442 1.166591 1.166591 20.90576 3 0 0.13 0 4.446299e-05 -0.5076775 0.230571 0.2082315 0.1260611 0.1569568 0.123309 
opt_pairmatch 1e2 2 0.2209969 0.2209969 0.6749048 0.6749048 6.40891 2 0 0.42 0 0.0002872993 -0.07534514 0.1342888 0.06220543 0.09788609 0.1099649 0.09881322 
rep_pairmatch 1e2 2 0.1701631 0.1534191 0.4640642 0.3779043 4.449153 2.526316 0.9861496 0.52 0 0.0008567086 0.08262249 0.06104729 0.04328695 0.02557351 0.07535817 0.04768206 
scclust_EXO_ANY 1e2 2 0.2305897 0.2089393 0.9661933 0.6417728 17.67239 4.545455 5.793388 0 0 0.0005025889 -0.06950868 0.08581622 0.05812974 0.02916253 0.09333911 0.04764008 
scclust_EXO_CAS 1e2 2 0.2169976 0.2145377 0.8728253 0.6817857 19.50365 4.545455 7.520661 0 0 0.0004946744 -0.06471112 0.07743782 0.06050841 0.03283244 0.09106114 0.05110042 
scclust_EXO_CSE 1e2 2 0.2259652 0.2377464 0.6817857 0.6817857 21.71098 4.545455 5.066116 0 0 0.0004086444 -0.07610746 0.07000555 0.09046067 0.05202211 0.09701645 0.03208881 
scclust_EXU_ANY 1e2 2 0.2305897 0.2089393 0.9661933 0.6417728 17.67239 4.545455 5.793388 0 0 0.0005025889 -0.06950868 0.08581622 0.05812974 0.02916253 0.09333911 0.04764008 
scclust_EXU_CAS 1e2 2 0.2193962 0.2123308 0.8728253 0.6817857 19.27246 4.545455 7.520661 0 0 0.0004988613 -0.06256574 0.07160845 0.05697197 0.02873818 0.0959168 0.05371628 
scclust_EXU_CSE 1e2 2 0.2276294 0.231141 0.6817857 0.6817857 21.41825 4.545455 5.520661 0 0 0.000444372 -0.01705412 0.05567518 0.08178616 0.05054878 0.1155069 0.02417299 
scclust_INO_ANY 1e2 2 0.2305897 0.2089393 0.9661933 0.6417728 17.67239 4.545455 5.793388 0 0 0.0005025889 -0.06950868 0.08581622 0.05812974 0.02916253 0.09333911 0.04764008 
scclust_INO_CAS 1e2 2 0.2264227 0.2233623 0.8728253 0.6817857 19.92487 4.545455 6.702479 0 0 0.0004496427 -0.1009953 0.07938889 0.07415321 0.04155521 0.08802078 0.05306377 
scclust_INO_CSE 1e2 2 0.2439656 0.2521929 0.6817857 0.6817857 22.99436 4.545455 5.247934 0 0 0.0003373021 -0.09858516 0.07512984 0.09536422 0.06280487 0.09794156 0.03776433 
scclust_IU1_ANY 1e2 2 0.2305897 0.2089393 0.9661933 0.6417728 17.67239 4.545455 5.793388 0 0 0.0005025889 -0.06950868 0.08581622 0.05812974 0.02916253 0.09333911 0.04764008 
scclust_IU1_CAS 1e2 2 0.2264227 0.2233623 0.8728253 0.6817857 19.92487 4.545455 6.702479 0 0 0.0004496427 -0.1009953 0.07938889 0.07415321 0.04155521 0.08802078 0.05306377 
scclust_IU1_CSE 1e2 2 0.2439656 0.2521929 0.6817857 0.6817857 22.99436 4.545455 5.247934 0 0 0.0003373021 -0.09858516 0.07512984 0.09536422 0.06280487 0.09794156 0.03776433 
scclust_IU2_ANY 1e2 2 0.2305897 0.2089393 0.9661933 0.6417728 17.67239 4.545455 5.793388 0 0 0.0005025889 -0.06950868 0.08581622 0.05812974 0.02916253 0.09333911 0.04764008 
scclust_IU2_CAS 1e2 2 0.2264227 0.2233623 0.8728253 0.6817857 19.92487 4.545455 6.702479 0 0 0.0004496427 -0.1009953 0.07938889 0.07415321 0.04155521 0.08802078 0.05306377 
scclust_IU2_CSE 1e2 2 0.2439656 0.2521929 0.6817857 0.6817857 22.99436 4.545455 5.247934 0 0 0.0003373021 -0.09858516 0.07512984 0.09536422 0.06280487 0.09794156 0.03776433 
scclust_LEX_ANY 1e2 2 0.2305897 0.2089393 0.9661933 0.6417728 17.67239 4.545455 5.793388 0 0 0.0005025889 -0.06950868 0.08581622 0.05812974 0.02916253 0.09333911 0.04764008 
scclust_LEX_CAS 1e2 2 0.2176685 0.2139772 0.7382569 0.6817857 19.32243 4.545455 6.793388 0 0 0.0004920355 -0.1026566 0.07773258 0.06494132 0.03339136 0.08506917 0.04971328 
scclust_LEX_CSE 1e2 2 0.2226042 0.2349214 0.7382569 0.6817857 21.43624 4.545455 6.066116 0 0 0.0004084722 -0.07751394 0.06879811 0.08553912 0.05528782 0.1015305 0.03496938 
gre_kmatch 1e2 3 0.2405339 0.2269703 0.7864348 0.7864348 11.80245 3 0 0.22 0 7.726021e-05 -0.09293596 0.04461664 0.09858134 0.04049557 0.03806099 0.06745209 
gre_pairmatch 1e2 3 0.1592025 0.1592025 0.4337284 0.4337284 4.139265 2 0 0.48 0 0.0003371355 0.09762441 0.0367488 0.03227359 0.05598388 0.0267651 0.02367515 
no_match 1e2 3 1.086131 1.094079 2.49711 2.373922 2105.008 100 0 0 0 0 -0.6296886 0.249697 0.1599008 0.03822629 -0.0178675 0.02358141 
opt_fullmatch 1e2 3 0.2071945 0.1886533 0.6179859 0.5521696 14.6903 4 3.04 0 0 0.0001452276 0.06739436 0.05173469 0.04027874 0.03074089 -0.03229128 -0.01109822 
opt_kmatch 1e2 3 0.2114454 0.209954 0.6501355 0.637477 10.91761 3 0 0.22 0 7.726021e-05 -0.1119368 0.06497978 0.07696701 0.04225731 0.0238015 0.0725032 
opt_pairmatch 1e2 3 0.1386756 0.1386756 0.4713099 0.4713099 3.605566 2 0 0.48 0 0.0003371355 0.01332182 0.04846674 0.001507391 0.04478432 0.0009729023 0.02755348 
rep_pairmatch 1e2 3 0.1281223 0.118018 0.3429943 0.3429943 3.068469 2.238095 0.276644 0.53 0 0.0005770203 0.1198553 -0.014752 -0.006249796 0.009102887 -0.01102605 -0.003522135 
scclust_EXO_ANY 1e2 3 0.2056241 0.1869399 0.6526857 0.5521696 15.02658 4.166667 2.888889 0 0 0.0002158604 0.05854211 0.01373137 0.05017746 0.009247495 -0.05030855 -0.02096634 
scclust_EXO_CAS 1e2 3 0.2045992 0.1918712 0.7524717 0.7524717 15.60599 4.166667 2.888889 0 0 0.0002020575 -0.04761971 0.01908212 0.05579133 0.01283317 -0.05970575 -0.02716891 
scclust_EXO_CSE 1e2 3 0.2271753 0.2284871 0.7524717 0.7524717 17.54692 4.166667 2.305556 0 0 0.0001642185 -0.1487076 0.03926957 0.06996603 0.02720833 -0.02860259 -0.0227908 
scclust_EXU_ANY 1e2 3 0.2056241 0.1869399 0.6526857 0.5521696 15.02658 4.166667 2.888889 0 0 0.0002158604 0.05854211 0.01373137 0.05017746 0.009247495 -0.05030855 -0.02096634 
scclust_EXU_CAS 1e2 3 0.2050209 0.19338 0.7510036 0.7510036 16.07751 4.166667 2.888889 0 0 0.0001380882 -0.05181266 0.02554409 0.05019376 0.03047563 -0.04871161 -0.01555728 
scclust_EXU_CSE 1e2 3 0.2132037 0.205205 0.7831048 0.6205966 16.46543 4.166667 3.388889 0 0 0.0002197156 -0.02127182 0.04294175 0.04629989 0.0553309 -0.0449367 -0.006899798 
scclust_INO_ANY 1e2 3 0.2056241 0.1869399 0.6526857 0.5521696 15.02658 4.166667 2.888889 0 0 0.0002158604 0.05854211 0.01373137 0.05017746 0.009247495 -0.05030855 -0.02096634 
scclust_INO_CAS 1e2 3 0.2042565 0.1952459 0.7524717 0.7524717 15.85468 4.166667 2.638889 0 0 0.0002008675 -0.06009285 0.02177635 0.06523497 0.009023425 -0.05026594 -0.02465338 
scclust_INO_CSE 1e2 3 0.2257861 0.2341364 0.7524717 0.7524717 18.0985 4.166667 1.638889 0 0 0.0001455608 -0.1683326 0.02583232 0.1077847 0.02457863 -0.0299425 -0.01288789 
scclust_IU1_ANY 1e2 3 0.2056241 0.1869399 0.6526857 0.5521696 15.02658 4.166667 2.888889 0 0 0.0002158604 0.05854211 0.01373137 0.05017746 0.009247495 -0.05030855 -0.02096634 
scclust_IU1_CAS 1e2 3 0.2042565 0.1952459 0.7524717 0.7524717 15.85468 4.166667 2.638889 0 0 0.0002008675 -0.06009285 0.02177635 0.06523497 0.009023425 -0.05026594 -0.02465338 
scclust_IU1_CSE 1e2 3 0.2257861 0.2341364 0.7524717 0.7524717 18.0985 4.166667 1.638889 0 0 0.0001455608 -0.1683326 0.02583232 0.1077847 0.02457863 -0.0299425 -0.01288789 
scclust_IU2_ANY 1e2 3 0.2056241 0.1869399 0.6526857 0.5521696 15.02658 4.166667 2.888889 0 0 0.0002158604 0.05854211 0.01373137 0.05017746 0.009247495 -0.05030855 -0.02096634 
scclust_IU2_CAS 1e2 3 0.2042565 0.1952459 0.7524717 0.7524717 15.85468 4.166667 2.638889 0 0 0.0002008675 -0.06009285 0.02177635 0.06523497 0.009023425 -0.05026594 -0.02465338 
scclust_IU2_CSE 1e2 3 0.2257861 0.2341364 0.7524717 0.7524717 18.0985 4.166667 1.638889 0 0 0.0001455608 -0.1683326 0.02583232 0.1077847 0.02457863 -0.0299425 -0.01288789 
scclust_LEX_ANY 1e2 3 0.2101142 0.1882078 0.6526857 0.5521696 15.99491 4.347826 2.661626 0 0 0.0002103868 0.09693316 0.01306934 0.04396801 0.01627184 -0.05037314 -0.01469997 
scclust_LEX_CAS 1e2 3 0.2102772 0.1902014 0.9443734 0.9443734 16.74397 4.347826 2.748582 0 0 0.0002090541 -0.01817007 0.01579091 0.03801095 0.01796752 -0.05866032 -0.02451442 
scclust_LEX_CSE 1e2 3 0.2260716 0.2131864 0.9443734 0.9443734 17.98912 4.347826 2.139887 0 0 0.0002058651 0.0274366 0.02574813 0.03031016 0.02793149 -0.05348972 -0.0363915 
gre_kmatch 1e2 4 0.1877885 0.2130885 0.6882712 0.6882712 7.671186 3 0 0.46 0 0.0001900324 -0.4881512 0.059924 0.08373975 0.0709478 0.09181842 0.08473944 
gre_pairmatch 1e2 4 0.1506066 0.1506066 0.5004479 0.5004479 2.710919 2 0 0.64 0 0.0005287858 -0.1824829 0.06708469 0.01060043 0.08652479 0.02332371 0.05752508 
no_match 1e2 4 1.042334 1.094733 2.592284 2.592284 1615.826 100 0 0 0 0 -1.393263 0.4834871 0.2051073 0.08039655 0.08067462 0.07643547 
opt_fullmatch 1e2 4 0.2741231 0.2485149 1.168849 0.786849 22.22141 5.555556 27.1358 0 0 0.0001993302 -0.6987974 0.06048032 0.09778268 0.02268595 0.05152243 0.06106422 
opt_kmatch 1e2 4 0.1917361 0.1991211 0.6398874 0.6398874 7.16836 3 0 0.46 0 0.0001900324 -0.4532584 0.04021537 0.1004569 0.04777048 0.07886056 0.1022074 
opt_pairmatch 1e2 4 0.1469665 0.1469665 0.4782584 0.4782584 2.645398 2 0 0.64 0 0.0005287858 -0.3551355 0.06382749 0.02087746 0.07849184 0.05193144 0.06406151 
rep_pairmatch 1e2 4 0.134969 0.1416604 0.4508748 0.4508748 2.549888 2.2 0.16 0.67 0 0.0007546214 -0.2351798 0.06132857 0.01825755 0.08103826 0.03846515 0.05537773 
scclust_EXO_ANY 1e2 4 0.2342607 0.2277488 1.168849 0.786849 22.42846 5.882353 26.80969 0 0 0.0002535486 -0.5659701 0.08727314 0.06202533 0.05253552 0.03934635 0.05967074 
scclust_EXO_CAS 1e2 4 0.2494488 0.245565 1.206056 0.8928507 23.46046 5.882353 23.39792 0 0 0.000230666 -0.5868385 0.1094593 0.06431028 0.05142358 0.03975717 0.0789444 
scclust_EXO_CSE 1e2 4 0.261319 0.2619012 1.129363 0.8928507 24.42382 5.882353 21.16263 0 0 0.000224811 -0.575943 0.1399086 0.0528849 0.06809836 0.03245435 0.05883261 
scclust_EXU_ANY 1e2 4 0.2342607 0.2277488 1.168849 0.786849 22.42846 5.882353 26.80969 0 0 0.0002535486 -0.5659701 0.08727314 0.06202533 0.05253552 0.03934635 0.05967074 
scclust_EXU_CAS 1e2 4 0.2365696 0.2404773 1.206056 0.8928507 23.26265 5.882353 23.28028 0 0 0.0002119247 -0.639901 0.09576339 0.07705853 0.04801484 0.0393131 0.06575677 
scclust_EXU_CSE 1e2 4 0.253152 0.2685567 1.129363 0.8928507 24.66865 5.882353 20.10381 0 0 0.0001996136 -0.702715 0.1397146 0.08058435 0.06269218 0.02640516 0.05361882 
scclust_INO_ANY 1e2 4 0.2342607 0.2277488 1.168849 0.786849 22.42846 5.882353 26.80969 0 0 0.0002535486 -0.5659701 0.08727314 0.06202533 0.05253552 0.03934635 0.05967074 
scclust_INO_CAS 1e2 4 0.2503551 0.259578 1.129363 0.8928507 24.13949 5.882353 20.69204 0 0 0.0002022275 -0.6929398 0.121241 0.0786896 0.04822511 0.03121951 0.07248136 
scclust_INO_CSE 1e2 4 0.2455665 0.265595 1.129363 0.8928507 25.74795 5.882353 18.10381 0 0 0.0002196073 -0.6633998 0.1350597 0.07718978 0.04605557 0.01932828 0.06175577 
scclust_IU1_ANY 1e2 4 0.2342607 0.2277488 1.168849 0.786849 22.42846 5.882353 26.80969 0 0 0.0002535486 -0.5659701 0.08727314 0.06202533 0.05253552 0.03934635 0.05967074 
scclust_IU1_CAS 1e2 4 0.2503551 0.259578 1.129363 0.8928507 24.13949 5.882353 20.69204 0 0 0.0002022275 -0.6929398 0.121241 0.0786896 0.04822511 0.03121951 0.07248136 
scclust_IU1_CSE 1e2 4 0.2455665 0.265595 1.129363 0.8928507 25.74795 5.882353 18.10381 0 0 0.0002196073 -0.6633998 0.1350597 0.07718978 0.04605557 0.01932828 0.06175577 
scclust_IU2_ANY 1e2 4 0.2342607 0.2277488 1.168849 0.786849 22.42846 5.882353 26.80969 0 0 0.0002535486 -0.5659701 0.08727314 0.06202533 0.05253552 0.03934635 0.05967074 
scclust_IU2_CAS 1e2 4 0.2503551 0.259578 1.129363 0.8928507 24.13949 5.882353 20.69204 0 0 0.0002022275 -0.6929398 0.121241 0.0786896 0.04822511 0.03121951 0.07248136 
scclust_IU2_CSE 1e2 4 0.2455665 0.265595 1.129363 0.8928507 25.74795 5.882353 18.10381 0 0 0.0002196073 -0.6633998 0.1350597 0.07718978 0.04605557 0.01932828 0.06175577 
scclust_LEX_ANY 1e2 4 0.2342607 0.2277488 1.168849 0.786849 22.42846 5.882353 26.80969 0 0 0.0002535486 -0.5659701 0.08727314 0.06202533 0.05253552 0.03934635 0.05967074 
scclust_LEX_CAS 1e2 4 0.2494488 0.245565 1.206056 0.8928507 23.46046 5.882353 23.39792 0 0 0.000230666 -0.5868385 0.1094593 0.06431028 0.05142358 0.03975717 0.0789444 
scclust_LEX_CSE 1e2 4 0.261319 0.2619012 1.129363 0.8928507 24.42382 5.882353 21.16263 0 0 0.000224811 -0.575943 0.1399086 0.0528849 0.06809836 0.03245435 0.05883261 
gre_kmatch 1e3 1 0.2260723 0.2836871 1.531385 1.531385 154.8932 3 0 0.181 0 6.27216e-07 -0.4076994 0.1738327 0.1470723 0.09580207 0.07186365 0.09939306 
gre_pairmatch 1e3 1 0.09552435 0.09552435 0.6952814 0.6952814 26.07815 2 0 0.454 0 3.146476e-06 -0.03082555 0.04472344 0.01101648 0.05337657 0.001456419 0.03421223 
no_match 1e3 1 1.057087 1.111899 2.706953 2.706953 220679.8 1000 0 0 0 0 -1.00741 0.3068439 0.3015771 0.07130045 0.05062021 0.02742159 
opt_fullmatch 1e3 1 0.06701053 0.06286782 0.334891 0.1992244 54.36238 4.149378 9.911296 0 0 3.794338e-06 0.05317822 0.006194531 0.00443096 0.002009876 -0.000328819 0.004277052 
opt_kmatch 1e3 1 0.2201301 0.2481812 1.461563 1.461563 135.5069 3 0 0.181 0 6.27216e-07 -0.3977871 0.1581914 0.1618701 0.09882294 0.06367619 0.1015624 
opt_pairmatch 1e3 1 0.07962485 0.07962485 0.5884016 0.5884016 21.73759 2 0 0.454 0 3.146476e-06 -0.04469158 0.0409914 0.01493491 0.05064232 0.00362455 0.03482383 
rep_pairmatch 1e3 1 0.04365821 0.04148461 0.1857577 0.1559516 11.3253 2.421875 0.8480632 0.535 0 8.277276e-06 0.01850661 0.002314442 0.0007351078 0.003660275 0.0006857989 -0.0005197718 
scclust_EXO_ANY 1e3 1 0.06451158 0.06003115 0.334891 0.1992244 55.29099 4.56621 9.944246 0 0 5.091678e-06 0.05056433 0.004210407 0.001471121 0.001861485 0.001701793 -0.002319262 
scclust_EXO_CAS 1e3 1 0.06281171 0.06309371 0.3280773 0.2593037 60.21157 4.56621 9.158858 0 0 4.598247e-06 0.01413711 0.002533906 0.004765522 -0.001529224 0.002392546 -0.001793307 
scclust_EXO_CSE 1e3 1 0.06405081 0.06872494 0.3267003 0.26509 65.41306 4.56621 8.948813 0 0 4.585766e-06 0.01518408 0.002283007 0.003903402 -0.004790542 0.001455412 -0.00360515 
scclust_EXU_ANY 1e3 1 0.06451158 0.06003115 0.334891 0.1992244 55.29099 4.56621 9.944246 0 0 5.091678e-06 0.05056433 0.004210407 0.001471121 0.001861485 0.001701793 -0.002319262 
scclust_EXU_CAS 1e3 1 0.06280528 0.06282554 0.3942273 0.2657087 60.33376 4.56621 9.533287 0 0 4.538485e-06 0.07740358 0.001652761 0.002610849 -0.00343424 0.0004667385 -0.001483792 
scclust_EXU_CSE 1e3 1 0.06428884 0.06805111 0.3518808 0.2754622 64.5988 4.56621 9.177123 0 0 4.432735e-06 0.06960449 -4.650342e-05 -0.0007247941 -0.0008417824 -0.001447551 -0.005062779 
scclust_INO_ANY 1e3 1 0.06451158 0.06003115 0.334891 0.1992244 55.29099 4.56621 9.944246 0 0 5.091678e-06 0.05056433 0.004210407 0.001471121 0.001861485 0.001701793 -0.002319262 
scclust_INO_CAS 1e3 1 0.06390667 0.06334856 0.3280773 0.2593037 59.62325 4.56621 8.948813 0 0 4.83637e-06 0.07171503 0.005014305 0.001759474 -0.001573997 0.0003604323 -0.003947206 
scclust_INO_CSE 1e3 1 0.06736534 0.07249705 0.2861848 0.2754622 66.7679 4.56621 8.492192 0 0 4.508751e-06 0.09961775 0.00496027 0.002767114 -0.003235725 -0.001394581 -0.006345447 
scclust_IU1_ANY 1e3 1 0.06451158 0.06003115 0.334891 0.1992244 55.29099 4.56621 9.944246 0 0 5.091678e-06 0.05056433 0.004210407 0.001471121 0.001861485 0.001701793 -0.002319262 
scclust_IU1_CAS 1e3 1 0.06390667 0.06334856 0.3280773 0.2593037 59.62325 4.56621 8.948813 0 0 4.83637e-06 0.07171503 0.005014305 0.001759474 -0.001573997 0.0003604323 -0.003947206 
scclust_IU1_CSE 1e3 1 0.06759981 0.07242073 0.2861848 0.2754622 66.75446 4.56621 8.455662 0 0 4.464589e-06 0.1086156 0.0049586 0.004208711 -0.002789871 0.0007203173 -0.005779322 
scclust_IU2_ANY 1e3 1 0.06451158 0.06003115 0.334891 0.1992244 55.29099 4.56621 9.944246 0 0 5.091678e-06 0.05056433 0.004210407 0.001471121 0.001861485 0.001701793 -0.002319262 
scclust_IU2_CAS 1e3 1 0.06390667 0.06334856 0.3280773 0.2593037 59.62325 4.56621 8.948813 0 0 4.83637e-06 0.07171503 0.005014305 0.001759474 -0.001573997 0.0003604323 -0.003947206 
scclust_IU2_CSE 1e3 1 0.06759981 0.07242073 0.2861848 0.2754622 66.75446 4.56621 8.455662 0 0 4.464589e-06 0.1086156 0.0049586 0.004208711 -0.002789871 0.0007203173 -0.005779322 
scclust_LEX_ANY 1e3 1 0.06525083 0.06071181 0.334891 0.1992244 57.28489 4.694836 9.986687 0 0 5.022468e-06 0.05093458 0.004387225 0.001074649 0.00210233 0.001219884 -0.002625289 
scclust_LEX_CAS 1e3 1 0.06358897 0.06370983 0.3280773 0.2593037 62.49842 4.694836 9.395138 0 0 4.508265e-06 0.01887776 0.002128828 0.005540466 -0.001911166 0.003403215 -0.001564069 
scclust_LEX_CSE 1e3 1 0.06450267 0.06891691 0.3267003 0.26509 67.01364 4.694836 9.141617 0 0 4.73852e-06 -0.001892061 0.001854984 0.003384942 -0.004575388 0.001174499 -0.00382803 
gre_kmatch 1e3 2 0.2413332 0.305018 1.840515 1.840515 172.0301 3 0 0.154 0 5.296546e-07 -0.5572698 0.1714396 0.1819314 0.0758415 0.05542205 0.08500775 
gre_pairmatch 1e3 2 0.09354904 0.09354904 1.059807 1.059807 26.38083 2 0 0.436 0 2.999083e-06 -0.02098028 0.03358948 0.02363071 0.03739261 0.01230659 0.03211631 
no_match 1e3 2 1.044277 1.096526 2.698488 2.698488 222020.1 1000 0 0 0 0 -1.1064 0.2891856 0.3184212 0.0599492 0.02268101 0.004509943 
opt_fullmatch 1e3 2 0.06416878 0.06094102 0.3709401 0.3625256 58.55888 4.016064 10.67444 0 0 3.181685e-06 0.01902494 0.004378176 0.006839362 0.0007203235 0.0009088759 0.001265947 
opt_kmatch 1e3 2 0.2344011 0.2650852 1.439761 1.439761 149.5081 3 0 0.154 0 5.296546e-07 -0.5463219 0.166978 0.1867708 0.0799088 0.05278842 0.08400409 
opt_pairmatch 1e3 2 0.0745562 0.0745562 0.4207463 0.4207463 21.02485 2 0 0.436 0 2.999083e-06 -0.05674302 0.03188429 0.03137029 0.03391937 0.01826625 0.03195313 
rep_pairmatch 1e3 2 0.04247961 0.03977146 0.1429368 0.1237164 11.21555 2.446154 0.7188955 0.523 0 7.657721e-06 0.04851598 0.001862666 -6.356348e-06 0.001625358 -0.0004999604 0.0003488168 
scclust_EXO_ANY 1e3 2 0.06230048 0.05853689 0.3709401 0.3625256 59.22621 4.255319 10.94758 0 0 4.040413e-06 0.07054767 0.003054662 0.003481141 -0.001405243 0.0009212676 -0.001246705 
scclust_EXO_CAS 1e3 2 0.06183156 0.06136213 0.4034046 0.3705247 63.23108 4.255319 12.87949 0 0 3.72334e-06 0.07469766 0.001837249 0.003339307 -0.001343802 -0.0006960904 -0.002304363 
scclust_EXO_CSE 1e3 2 0.06573349 0.06762304 0.4119662 0.3705247 69.18429 4.255319 10.74332 0 0 3.431413e-06 0.06978258 0.002926628 0.006485129 -0.00302638 -0.0004939452 -0.002483724 
scclust_EXU_ANY 1e3 2 0.06230048 0.05853689 0.3709401 0.3625256 59.22621 4.255319 10.94758 0 0 4.040413e-06 0.07054767 0.003054662 0.003481141 -0.001405243 0.0009212676 -0.001246705 
scclust_EXU_CAS 1e3 2 0.06132776 0.06168234 0.392783 0.3705247 63.56504 4.255319 11.17737 0 0 3.808251e-06 0.0916189 0.001682429 0.004617861 0.0004374508 0.00233471 -0.001841152 
scclust_EXU_CSE 1e3 2 0.064704 0.06692254 0.4119662 0.3705247 69.19887 4.255319 10.06247 0 0 3.625379e-06 0.08374672 0.001575016 0.00604861 -0.001307685 -0.001063951 -0.001500863 
scclust_INO_ANY 1e3 2 0.06228894 0.05853169 0.3709401 0.3625256 59.23171 4.255319 10.94758 0 0 4.040413e-06 0.07219782 0.003150808 0.003439451 -0.001507654 0.0008569772 -0.001150368 
scclust_INO_CAS 1e3 2 0.06129782 0.06103453 0.3883069 0.3625256 62.82967 4.255319 11.50928 0 0 3.803831e-06 0.0744801 0.003103912 0.002993974 0.0002481962 0.00197381 -0.002174933 
scclust_INO_CSE 1e3 2 0.06605318 0.06883883 0.4119662 0.3625256 69.97645 4.255319 9.90077 0 0 3.520046e-06 0.06959529 0.006853364 0.006992348 0.0003276858 0.001223731 -0.0009985266 
scclust_IU1_ANY 1e3 2 0.06230048 0.05853689 0.3709401 0.3625256 59.22621 4.255319 10.94758 0 0 4.040413e-06 0.07054767 0.003054662 0.003481141 -0.001405243 0.0009212676 -0.001246705 
scclust_IU1_CAS 1e3 2 0.06147989 0.06117004 0.3883069 0.3625256 62.85296 4.255319 11.51779 0 0 3.809669e-06 0.07256827 0.002842435 0.002907988 0.0001256147 0.002071509 -0.002337361 
scclust_IU1_CSE 1e3 2 0.06598878 0.06874877 0.4119662 0.3625256 69.85251 4.255319 9.943323 0 0 3.495235e-06 0.07288549 0.006436363 0.006971534 0.0002042141 0.001658262 -0.001293499 
scclust_IU2_ANY 1e3 2 0.06230048 0.05853689 0.3709401 0.3625256 59.22621 4.255319 10.94758 0 0 4.040413e-06 0.07054767 0.003054662 0.003481141 -0.001405243 0.0009212676 -0.001246705 
scclust_IU2_CAS 1e3 2 0.06147989 0.06117004 0.3883069 0.3625256 62.85296 4.255319 11.51779 0 0 3.809669e-06 0.07256827 0.002842435 0.002907988 0.0001256147 0.002071509 -0.002337361 
scclust_IU2_CSE 1e3 2 0.06598878 0.06874877 0.4119662 0.3625256 69.85251 4.255319 9.943323 0 0 3.495235e-06 0.07288549 0.006436363 0.006971534 0.0002042141 0.001658262 -0.001293499 
scclust_LEX_ANY 1e3 2 0.06301875 0.05959664 0.3709401 0.3625256 62.12354 4.484305 11.08383 0 0 3.897288e-06 0.07035309 0.003271051 0.003236004 -0.001408443 0.0006892501 -0.00175331 
scclust_LEX_CAS 1e3 2 0.06204214 0.06124698 0.4034046 0.3705247 65.54746 4.484305 13.18249 0 0 3.905177e-06 0.07307052 0.003604011 0.004067429 0.002989206 0.0003859908 -0.002236278 
scclust_LEX_CSE 1e3 2 0.06636654 0.06752942 0.4119662 0.3705247 70.85125 4.484305 10.93137 0 0 3.617947e-06 0.0657873 0.002743544 0.007688743 -0.001403729 -0.000244727 -0.002166892 
gre_kmatch 1e3 3 0.2412389 0.3076699 1.512477 1.512477 163.6804 3 0 0.202 0 7.047703e-07 -0.5720245 0.1651874 0.1997282 0.06570681 0.08683895 0.1436807 
gre_pairmatch 1e3 3 0.1090336 0.1090336 0.8417742 0.8417742 29.00295 2 0 0.468 0 3.265668e-06 -0.1003689 0.04020655 0.06039625 0.04026247 0.06203426 0.05591752 
no_match 1e3 3 1.03058 1.089584 2.763625 2.763625 212734.8 1000 0 0 0 0 -1.260588 0.3298158 0.3584273 0.03322466 0.06178355 0.06408089 
opt_fullmatch 1e3 3 0.06647844 0.06176142 0.4544145 0.3113024 57.65903 4.310345 11.30886 0 0 4.234112e-06 -0.04890473 0.003563022 0.007611679 0.0006936629 0.006521841 0.003572217 
opt_kmatch 1e3 3 0.2538764 0.2806222 1.377966 1.377966 149.291 3 0 0.202 0 7.047703e-07 -0.5716856 0.1755416 0.1913706 0.06500223 0.09483124 0.1391676 
opt_pairmatch 1e3 3 0.09161448 0.09161448 0.588087 0.588087 24.36945 2 0 0.468 0 3.265668e-06 -0.08337356 0.04261479 0.05558186 0.03979552 0.05785571 0.05766319 
rep_pairmatch 1e3 3 0.04362135 0.04069875 0.2335224 0.1585231 10.82587 2.430108 0.728986 0.548 0 8.079387e-06 -0.0804853 0.0009927396 0.003328623 0.004050198 0.003776247 0.000379719 
scclust_EXO_ANY 1e3 3 0.0641645 0.06011086 0.4544145 0.3113024 58.21665 4.56621 11.40543 0 0 4.865305e-06 -0.06404107 0.003114044 0.005838844 0.002282474 0.003858926 0.001820836 
scclust_EXO_CAS 1e3 3 0.06269532 0.06162168 0.4226037 0.3113024 62.18384 4.56621 11.47849 0 0 4.674617e-06 -0.05774316 0.006182557 0.005232596 0.004089917 0.00371663 0.003089616 
scclust_EXO_CSE 1e3 3 0.06595619 0.06820738 0.3597939 0.3597939 67.63221 4.56621 10.20909 0 0 4.526963e-06 -0.07093493 0.01016093 0.006136654 0.003281501 0.001736841 0.003187001 
scclust_EXU_ANY 1e3 3 0.0641645 0.06011086 0.4544145 0.3113024 58.21665 4.56621 11.40543 0 0 4.865305e-06 -0.06404107 0.003114044 0.005838844 0.002282474 0.003858926 0.001820836 
scclust_EXU_CAS 1e3 3 0.06192948 0.06125327 0.4226037 0.3113024 62.61751 4.56621 11.87119 0 0 4.525601e-06 -0.03098504 0.004939198 0.005199254 0.002275325 0.001526393 0.001928945 
scclust_EXU_CSE 1e3 3 0.06490932 0.06680366 0.3597939 0.3597939 68.3621 4.56621 11.18626 0 0 4.602937e-06 -0.04158714 0.007421285 0.004823897 0.0002105435 -0.0003015661 0.001244673 
scclust_INO_ANY 1e3 3 0.0641645 0.06011086 0.4544145 0.3113024 58.21665 4.56621 11.40543 0 0 4.865305e-06 -0.06404107 0.003114044 0.005838844 0.002282474 0.003858926 0.001820836 
scclust_INO_CAS 1e3 3 0.06389082 0.06255988 0.4226037 0.3113024 62.33283 4.56621 11.0584 0 0 4.748527e-06 -0.0791054 0.005640304 0.006421233 0.004523673 0.004761696 0.003102847 
scclust_INO_CSE 1e3 3 0.06832441 0.07084923 0.3597939 0.3597939 69.42761 4.56621 10.60178 0 0 5.103903e-06 -0.0801414 0.009449912 0.007288593 0.00552141 0.004130566 0.00355798 
scclust_IU1_ANY 1e3 3 0.0641645 0.06011086 0.4544145 0.3113024 58.21665 4.56621 11.40543 0 0 4.865305e-06 -0.06404107 0.003114044 0.005838844 0.002282474 0.003858926 0.001820836 
scclust_IU1_CAS 1e3 3 0.06389082 0.06255988 0.4226037 0.3113024 62.33283 4.56621 11.0584 0 0 4.748527e-06 -0.0791054 0.005640304 0.006421233 0.004523673 0.004761696 0.003102847 
scclust_IU1_CSE 1e3 3 0.06821085 0.07070722 0.3597939 0.3597939 69.37996 4.56621 10.60178 0 0 5.103903e-06 -0.07852488 0.009355604 0.007368097 0.005499563 0.004200742 0.003525567 
scclust_IU2_ANY 1e3 3 0.0641645 0.06011086 0.4544145 0.3113024 58.21665 4.56621 11.40543 0 0 4.865305e-06 -0.06404107 0.003114044 0.005838844 0.002282474 0.003858926 0.001820836 
scclust_IU2_CAS 1e3 3 0.06389082 0.06255988 0.4226037 0.3113024 62.33283 4.56621 11.0584 0 0 4.748527e-06 -0.0791054 0.005640304 0.006421233 0.004523673 0.004761696 0.003102847 
scclust_IU2_CSE 1e3 3 0.06821085 0.07070722 0.3597939 0.3597939 69.37996 4.56621 10.60178 0 0 5.103903e-06 -0.07852488 0.009355604 0.007368097 0.005499563 0.004200742 0.003525567 
scclust_LEX_ANY 1e3 3 0.06468331 0.06062317 0.4544145 0.3113024 59.81738 4.694836 11.4327 0 0 4.850222e-06 -0.0708622 0.003315659 0.005992215 0.00222862 0.003695319 0.001987959 
scclust_LEX_CAS 1e3 3 0.0633052 0.06219151 0.4226037 0.3113024 63.8481 4.694836 11.5172 0 0 4.656302e-06 -0.06218574 0.005168236 0.005024396 0.002812173 0.003810367 0.003351241 
scclust_LEX_CSE 1e3 3 0.06587096 0.06784494 0.3597939 0.3597939 68.80122 4.694836 10.3341 0 0 4.592025e-06 -0.05148842 0.008558107 0.006882263 0.002836427 0.002248419 0.002874417 
gre_kmatch 1e3 4 0.1851845 0.2267088 1.274025 1.274025 107.0065 3 0 0.292 0 1.059874e-06 -0.4092662 0.1327679 0.1291273 0.1103483 0.09394184 0.1059339 
gre_pairmatch 1e3 4 0.09208176 0.09208176 0.6340918 0.6340918 21.73129 2 0 0.528 0 3.832968e-06 -0.1825948 0.04040857 0.03275865 0.04667811 0.03644762 0.0459615 
no_match 1e3 4 1.032286 1.099065 2.735778 2.66676 198165.7 1000 0 0 0 0 -1.199497 0.3381391 0.2835859 0.1043676 0.06606914 0.06557603 
opt_fullmatch 1e3 4 0.07288906 0.06755841 0.398438 0.3165449 65.7905 4.784689 14.83881 0 0 5.068429e-06 -0.1707031 0.008536835 0.006300487 0.00871039 0.005078895 0.001798083 
opt_kmatch 1e3 4 0.1833482 0.2047017 1.27749 1.27749 96.61921 3 0 0.292 0 1.059874e-06 -0.4047198 0.134446 0.1253387 0.1080106 0.09014241 0.1095086 
opt_pairmatch 1e3 4 0.0807102 0.0807102 0.5640973 0.5640973 19.04761 2 0 0.528 0 3.832968e-06 -0.1657339 0.04045403 0.03227964 0.0492017 0.04002204 0.04249935 
rep_pairmatch 1e3 4 0.04742761 0.04428556 0.1940312 0.1111472 10.45139 2.413174 1.092761 0.597 0 1.041319e-05 -0.1660663 0.00284573 0.002671564 0.005530516 -0.000999022 0.002313068 
scclust_EXO_ANY 1e3 4 0.07245217 0.06609639 0.398438 0.3165449 66.38045 5.102041 15.08142 0 0 6.377273e-06 -0.1381648 0.006432218 0.003677652 0.004020928 -0.0004361698 0.001885858 
scclust_EXO_CAS 1e3 4 0.07128624 0.07146928 0.4073216 0.3779529 72.87588 5.102041 12.5304 0 0 5.068249e-06 -0.1928788 0.007208125 0.01019437 0.003819476 0.001583501 0.005461636 
scclust_EXO_CSE 1e3 4 0.07327204 0.07882658 0.3779529 0.3779529 79.45959 5.102041 11.94877 0 0 5.027467e-06 -0.206506 0.006084735 0.01197608 0.0007299992 0.001704716 0.004476578 
scclust_EXU_ANY 1e3 4 0.07251829 0.06617481 0.398438 0.3165449 66.38027 5.102041 15.10183 0 0 6.387065e-06 -0.1380832 0.006244407 0.00338302 0.004138966 -0.0009403361 0.001815826 
scclust_EXU_CAS 1e3 4 0.07067398 0.0705883 0.4073216 0.3779529 72.77503 5.102041 13.07122 0 0 5.324869e-06 -0.1621769 0.007003091 0.007094676 0.004425248 0.0003018502 0.003051475 
scclust_EXU_CSE 1e3 4 0.07224794 0.07745752 0.3779529 0.3779529 78.757 5.102041 12.0304 0 0 5.166718e-06 -0.1664089 0.006840168 0.007055558 0.001631217 0.0009943101 0.0006529359 
scclust_INO_ANY 1e3 4 0.07245217 0.06609639 0.398438 0.3165449 66.38045 5.102041 15.08142 0 0 6.377273e-06 -0.1381648 0.006432218 0.003677652 0.004020928 -0.0004361698 0.001885858 
scclust_INO_CAS 1e3 4 0.07103392 0.07099561 0.4073216 0.3779529 72.61089 5.102041 12.58142 0 0 5.016803e-06 -0.1677782 0.006483888 0.006823721 0.005118267 0.001276178 0.003344992 
scclust_INO_CSE 1e3 4 0.0739058 0.08067208 0.3779529 0.3779529 82.41378 5.102041 11.82632 0 0 5.034049e-06 -0.1955274 0.005529873 0.009113262 0.002681636 0.003875423 0.00445938 
scclust_IU1_ANY 1e3 4 0.07251829 0.06617481 0.398438 0.3165449 66.38027 5.102041 15.10183 0 0 6.387065e-06 -0.1380832 0.006244407 0.00338302 0.004138966 -0.0009403361 0.001815826 
scclust_IU1_CAS 1e3 4 0.0714749 0.0711516 0.4073216 0.3779529 72.60532 5.102041 12.61204 0 0 5.034429e-06 -0.166248 0.006255692 0.006015748 0.005592627 0.0003211276 0.002986727 
scclust_IU1_CSE 1e3 4 0.07387841 0.08093893 0.3779529 0.3779529 82.63377 5.102041 11.7753 0 0 4.852841e-06 -0.1816722 0.006847369 0.007927625 0.005007299 0.003160149 0.004611632 
scclust_IU2_ANY 1e3 4 0.07251829 0.06617481 0.398438 0.3165449 66.38027 5.102041 15.10183 0 0 6.387065e-06 -0.1380832 0.006244407 0.00338302 0.004138966 -0.0009403361 0.001815826 
scclust_IU2_CAS 1e3 4 0.0714749 0.0711516 0.4073216 0.3779529 72.60532 5.102041 12.61204 0 0 5.034429e-06 -0.166248 0.006255692 0.006015748 0.005592627 0.0003211276 0.002986727 
scclust_IU2_CSE 1e3 4 0.07387841 0.08093893 0.3779529 0.3779529 82.63377 5.102041 11.7753 0 0 4.852841e-06 -0.1816722 0.006847369 0.007927625 0.005007299 0.003160149 0.004611632 
scclust_LEX_ANY 1e3 4 0.07301245 0.06676675 0.398438 0.3165449 68.03189 5.263158 15.02548 0 0 6.286012e-06 -0.1339647 0.006727158 0.003692526 0.005066667 -0.0008139954 0.002552282 
scclust_LEX_CAS 1e3 4 0.07143274 0.07110044 0.4073216 0.3779529 73.78029 5.263158 12.62548 0 0 5.127551e-06 -0.1789315 0.006352114 0.008441937 0.004171123 0.00106964 0.00678343 
scclust_LEX_CSE 1e3 4 0.07331752 0.07726856 0.3779529 0.3779529 79.77634 5.263158 11.87812 0 0 5.023233e-06 -0.2149964 0.005318717 0.00905298 0.003165472 -0.0001436379 0.005036089 
